5 0.3453125 0.30546875 0.228125 0.290625
5 0.528125 0.446875 0.203125 0.2640625
5 0.5859375 0.1671875 0.184375 0.265625
5 0.409375 0.0875 0.1859375 0.175
5 0.17578125 0.190625 0.1984375 0.2796875
5 0.08125 0.45625 0.1625 0.309375
5 0.25859375 0.5890625 0.2109375 0.3171875
5 0.45234375 0.70703125 0.2328125 0.296875
5 0.6546875 0.83046875 0.2234375 0.3265625
5 0.7359375 0.5484375 0.209375 0.2765625
5 0.76875 0.2671875 0.1953125 0.2921875
5 0.92890625 0.40234375 0.1421875 0.29375
5 0.9015625 0.66640625 0.196875 0.30625
5 0.85546875 0.91875 0.228125 0.1625
5 0.54375 0.96328125 0.146875 0.0734375
5 0.34765625 0.9125 0.2296875 0.175
5 0.15 0.8359375 0.20625 0.328125
5 0.03125 0.7265625 0.0625 0.2875
5 0.9703125 0.12890625 0.059375 0.2578125
5 0.8546875 0.0828125 0.2015625 0.165625
5 0.6546875 0.03125 0.1671875 0.0625
5 0.22421875 0.03984375 0.1609375 0.0796875
5 0.0421875 0.12890625 0.084375 0.2578125