5 0.33515625 0.3140625 0.24375 0.3015625
5 0.525 0.4453125 0.2171875 0.275
5 0.56875 0.16328125 0.1984375 0.275
5 0.38828125 0.09296875 0.1953125 0.184375
5 0.16015625 0.2078125 0.2125 0.2890625
5 0.084375 0.47734375 0.16875 0.3171875
5 0.26328125 0.6015625 0.2265625 0.328125
5 0.46328125 0.709375 0.2484375 0.309375
5 0.671875 0.821875 0.240625 0.3375
5 0.73828125 0.5359375 0.2234375 0.2875
5 0.75625 0.253125 0.2109375 0.3015625
5 0.921875 0.37890625 0.15625 0.3015625
5 0.9015625 0.6453125 0.196875 0.315625
5 0.8765625 0.89921875 0.2359375 0.1734375
5 0.5671875 0.959375 0.15 0.08125
5 0.36953125 0.9125 0.2390625 0.175
5 0.16796875 0.8421875 0.2234375 0.315625
5 0.04375 0.75078125 0.078125 0.290625
5 0.94921875 0.1171875 0.0734375 0.234375
5 0.83125 0.0765625 0.209375 0.153125
5 0.62890625 0.0296875 0.1703125 0.059375
5 0.20078125 0.0546875 0.165625 0.0875
5 0.0359375 0.153125 0.071875 0.2625