5 0.6578125 0.3078125 0.2328125 0.2953125
5 0.47265625 0.44609375 0.2078125 0.2671875
5 0.41953125 0.165625 0.1890625 0.26875
5 0.59765625 0.0890625 0.1890625 0.178125
5 0.8296875 0.19609375 0.203125 0.2828125
5 0.91796875 0.4625 0.1640625 0.3125
5 0.73984375 0.59296875 0.2171875 0.3203125
5 0.54375 0.7078125 0.2375 0.3015625
5 0.33984375 0.82734375 0.2296875 0.3296875
5 0.26328125 0.54453125 0.2140625 0.2796875
5 0.23515625 0.2625 0.2 0.2953125
5 0.07265625 0.39375 0.1453125 0.296875
5 0.09765625 0.659375 0.1953125 0.309375
5 0.1375 0.9125 0.23125 0.1671875
5 0.44765625 0.96171875 0.1484375 0.0765625
5 0.64453125 0.9125 0.2328125 0.175
5 0.84375 0.83828125 0.2125 0.3234375
5 0.96484375 0.734375 0.0671875 0.2890625
5 0.03515625 0.125 0.0640625 0.25
5 0.15234375 0.08046875 0.2046875 0.1609375
5 0.353125 0.03046875 0.16875 0.0609375
5 0.78359375 0.04453125 0.1625 0.0828125
5 0.959375 0.1359375 0.08125 0.259375