5 0.51953125 0.27734375 0.3453125 0.1421875
5 0.42265625 0.5578125 0.234375 0.2125
5 0.6125 0.5140625 0.1671875 0.21875
5 0.73359375 0.68671875 0.1625 0.284375
5 0.8953125 0.7453125 0.153125 0.275
5 0.6 0.70546875 0.1671875 0.3015625
5 0.34453125 0.8140625 0.2234375 0.3375
5 0.1984375 0.16328125 0.1921875 0.2640625
5 0.5609375 0.08984375 0.134375 0.1796875
5 0.83046875 0.08046875 0.171875 0.125
5 0.0671875 0.3109375 0.134375 0.203125
5 0.3875 0.43828125 0.275 0.1484375
5 0.0890625 0.75859375 0.1609375 0.190625
5 0.23515625 0.690625 0.171875 0.21875
5 0.20703125 0.4890625 0.1375 0.234375
5 0.8796875 0.21171875 0.2171875 0.13125
5 0.8734375 0.5453125 0.253125 0.24375
5 0.28046875 0.18984375 0.1390625 0.18125
5 0.5 0.15546875 0.1234375 0.1359375