5 0.49609375 0.2765625 0.3546875 0.1765625
5 0.42890625 0.565625 0.2515625 0.234375
5 0.61328125 0.50234375 0.1875 0.2328125
5 0.7515625 0.6609375 0.190625 0.296875
5 0.9140625 0.7015625 0.171875 0.2875
5 0.62109375 0.69375 0.1953125 0.3140625
5 0.37734375 0.82578125 0.2546875 0.3484375
5 0.16484375 0.19609375 0.2171875 0.2796875
5 0.51796875 0.090625 0.1515625 0.18125
5 0.784375 0.059375 0.18125 0.11875
5 0.06328125 0.35703125 0.1265625 0.2140625
5 0.38125 0.45078125 0.2859375 0.175
5 0.11796875 0.8 0.178125 0.2046875
5 0.25703125 0.7171875 0.1921875 0.2328125
5 0.20703125 0.51953125 0.159375 0.2453125
5 0.84765625 0.1734375 0.2265625 0.1515625
5 0.86953125 0.50546875 0.2609375 0.2671875
5 0.24921875 0.21484375 0.1546875 0.19375
5 0.4640625 0.1578125 0.1359375 0.146875