5 0.53125 0.27890625 0.3390625 0.125
5 0.41953125 0.55390625 0.2234375 0.2015625
5 0.61171875 0.5203125 0.15625 0.2109375
5 0.7234375 0.6984375 0.1484375 0.2765625
5 0.88203125 0.765625 0.1390625 0.26875
5 0.5890625 0.71015625 0.1515625 0.29375
5 0.328125 0.80546875 0.20625 0.3265625
5 0.21640625 0.14765625 0.1796875 0.2546875
5 0.5828125 0.09140625 0.125 0.1796875
5 0.85234375 0.0984375 0.165625 0.1171875
5 0.07578125 0.28828125 0.1296875 0.196875
5 0.390625 0.4328125 0.26875 0.134375
5 0.07578125 0.73671875 0.1515625 0.1828125
5 0.22578125 0.6765625 0.1609375 0.2109375
5 0.2078125 0.4734375 0.125 0.228125
5 0.89453125 0.23203125 0.2109375 0.1203125
5 0.875 0.56484375 0.25 0.23125
5 0.296875 0.17890625 0.1296875 0.175
5 0.51796875 0.15625 0.1171875 0.1296875